Program,Count
CAA,127
CWA,143
RCRA,1583
GHG,15
